01000010
01010010
01001010
01010011
01000010
01010010
01001010
01010011
01000010
01010010
01010011
01000010
01010010
01001010
01010011
01001010
01000010
01010010
01001010
01010011
01010011
01000010
01010010
01001010
01000010
01010010
01010011
01010011
01001010
01000010
01010010
01001010
01010011
01000010
01010010
01010011
01000010
01010010
01001010
01010011
01000010
01010010
01001010
01010011
01001010
01010011
01000010
01010010
01001010
01000010
01010010
01010011
01010011
01000010
01010010
01001010
01000010
01010010
01010011
01001010
01000010
01010010
01001010
01010011
01010011
01000010
01010010
01001010
01010011
01000010
01010010
01010011
01000010
01010010
01001010
01010011
01000010
01010010
01001010
01000010
01010010
01010011
01010011
01000010
01010010
01001010
01010011
01000010
01010010
01010011
01000010
01010010
01001010
01010011
01001010
01000010
01010010
01001010
01010011
01000010
01010010
01001010
01010011
01000010
01010010
01001010
01010011
01010011
01000010
01010010
01001010
01010011
