hoylvo.jpg, [42, 2080, 2238, 660]
vtzzsf.jpg, [461, 275, 1402, 2538]
ofccyu.jpg, [1616, 1739, 1247, 892]
zalfpq.jpg, [627, 2322, 2366, 1147]
abyxup.jpg, [87, 533, 2547, 2007]
aoypvl.jpg, [1717, 810, 610, 1725]
ybmvne.jpg, [969, 964, 2309, 2047]
kpsnzv.jpg, [982, 2348, 1809, 1138]
klwqoz.jpg, [2577, 1749, 298, -1]
mbndtn.jpg, [1704, 1035, 206, 1445]
gnxvjt.jpg, [2217, 2553, 1068, 135]
brqgnt.jpg, [2347, 2142, 957, 134]
rdygma.jpg, [1222, 460, 2017, 1891]
oephdw.jpg, [1504, 1502, 641, 900]
cyoswc.jpg, [543, 1658, -1, 560]
xvwiyy.jpg, [2275, 1214, 1180, 1939]
dygbuv.jpg, [960, 2364, 1376, 713]
ugtesm.jpg, [170, 1928, 2338, 4]
nxxdxk.jpg, [1227, 840, 1498, 1358]
djjwqc.jpg, [1960, 2088, 1197, 1063]
sagvxs.jpg, [885, 950, 2372, 1370]
rzqkju.jpg, [952, 2240, 1702, 1110]
ypeasr.jpg, [2521, 1761, 734, 177]
zmplcr.jpg, [817, 1592, 1946, 1231]
dftfyk.jpg, [1046, 1975, -1, 35]
nnmzga.jpg, [2130, -1, 977, 59]
zmikjc.jpg, [2321, -1, 1183, 1892]
qunkre.jpg, [1590, 292, 1048, 1530]
ttrczc.jpg, [2592, 1923, 476, 1133]
ycglfw.jpg, [2493, 1258, 92, 1352]
rusetc.jpg, [2367, 1374, 1066, 283]
vtjjsy.jpg, [1287, 579, 2387, 1951]
aolbjd.jpg, [786, 1638, 1979, 282]
xyueqq.jpg, [596, 2418, 2257, 205]
uuwutg.jpg, [1931, 2423, 979, 813]
ffoyok.jpg, [284, -1, -1, 624]
zdcceh.jpg, [1152, 859, 2082, 2469]
ucufcy.jpg, [2545, 1161, 372, 2298]
jwvywi.jpg, [563, 189, 2163, 2451]
uysncn.jpg, [1353, 1853, 1198, 1241]
ylsixc.jpg, [2183, 721, 1002, 1965]
wnujlp.jpg, [103, 2437, 1362, 779]
rochye.jpg, [404, 2247, 1787, 1014]
szbmtf.jpg, [1925, 2205, 740, 1215]
mbntog.jpg, [260, 316, 1927, 1782]
ujzkfu.jpg, [117, 1128, 1982, 1434]
shueef.jpg, [383, 959, 1896, 1614]
qdgqsv.jpg, [412, 1205, 2274, 1969]
lenbpd.jpg, [677, 287, 2209, 2253]
qdekdi.jpg, [664, 2042, 1915, 480]
wrxvwh.jpg, [2584, 845, 806, 2335]
okzrfi.jpg, [983, 939, 1322, 2072]
xgyefw.jpg, [945, 1011, 1305, 1361]
tyofnj.jpg, [1776, 1232, 509, -1]
ruhvvm.jpg, [131, 575, 1902, 1307]
slmtxa.jpg, [616, 2473, 1750, 994]
gbytdl.jpg, [748, 2162, 1705, 484]
kzbeic.jpg, [409, 1093, 2485, 2149]
sdmapp.jpg, [52, 990, 1642, 1839]
fdgtyg.jpg, [1911, 1678, 1230, 99]
bruoiz.jpg, [2428, 2054, 403, 1190]
fnnzmb.jpg, [1225, 2411, 1780, 1087]
egdutz.jpg, [2304, 190, 935, 2317]
zvuhxq.jpg, [1623, 2003, 917, 406]
krlvqn.jpg, [1563, 78, 31, 1756]
gvohdj.jpg, [682, 667, 2407, 1441]
mytipn.jpg, [259, 1312, 1321, 591]
zdwjzk.jpg, [1580, 1239, 175, 1937]
ijnlyr.jpg, [1769, 1349, 890, 642]
pigpkg.jpg, [310, 2378, 1753, 397]
fzfvpp.jpg, [1137, 1332, 2447, 750]
owxqmn.jpg, [2422, 340, 1039, 2380]
wcoreb.jpg, [1505, 339, 790, 1589]
flnumb.jpg, [1906, 1282, 215, 1733]
xgtgxv.jpg, [741, 2111, 1726, 344]
diqrkx.jpg, [55, 2295, 1740, 1131]
gegnjs.jpg, [2164, 285, 552, 1410]
ebubiz.jpg, [1905, 2548, 201, 327]
hugkzm.jpg, [452, 320, 2522, 2486]
ycvovz.jpg, [2575, 2470, 230, 896]
lllxwe.jpg, [1092, 678, 2395, 2401]
gjxzpk.jpg, [163, 1922, 2579, 116]
pipkib.jpg, [2005, 132, 833, 1372]
ojcdrt.jpg, [309, 930, 2549, 2466]
naoztc.jpg, [1924, 2509, 865, 1016]
dqmpke.jpg, [1822, 1451, 904, 407]
ncfxqy.jpg, [1398, 2510, 970, 209]
dnshie.jpg, [784, 1082, 1311, 2093]
udceft.jpg, [496, 1933, 1707, 1098]
cadgiq.jpg, [2490, 1061, 562, 2375]
vavdoo.jpg, [1774, 1844, 1188, 120]
lgctrs.jpg, [498, 515, 1339, 2576]
nuwjok.jpg, [1602, 709, 1144, 1889]
jbjjjb.jpg, [2260, 1315, 473, 1208]
lzfbva.jpg, [300, 1221, 1671, 1913]
qyupch.jpg, [684, 2440, 2297, 3]
eqreac.jpg, [1366, 1639, 655, 6]
evefgq.jpg, [2132, 2370, 756, 807]
zdixww.jpg, [771, 1890, 2199, 1042]
wepkvs.jpg, [1396, 1111, 795, 2336]
uoebhi.jpg, [527, 2112, 1811, 1234]
ciwtyd.jpg, [2454, 659, 1090, -1]
tgxkea.jpg, [2478, 66, 878, 1534]
lzmvnw.jpg, [798, 743, 2371, 1546]
ifxeze.jpg, [136, 2580, 1562, 410]
jwhdij.jpg, [1297, 1818, 2012, 1089]
qhzeor.jpg, [2595, 1604, 576, 988]
bjdkph.jpg, [1212, 532, 1685, 2436]
ftesqj.jpg, [1620, 1665, 874, 443]
dvvvcl.jpg, [1544, 2555, 387, 899]
eyylyh.jpg, [837, 2231, 2350, 876]
xhykgn.jpg, [1008, 1495, 2139, 1143]
jxuirw.jpg, [544, 198, 2343, 1792]
oamprd.jpg, [1599, 1077, 1179, 1377]
qzztxl.jpg, [1271, 1263, 2114, 1926]
ytkwss.jpg, [895, 2360, 2032, 227]
jcauny.jpg, [555, 373, 2190, 2249]
wlbwcn.jpg, [1666, 954, 394, 1816]
vwdwkc.jpg, [1664, 270, 1257, 1363]
jcxhzk.jpg, [-1, 272, 37, 2582]
muhysy.jpg, [475, 2143, 2593, 694]
avabbt.jpg, [2294, 911, 997, 1520]
urcfhw.jpg, [105, 737, 2269, 2396]
mgttzk.jpg, [191, 2178, 1556, 1081]
lsiuqr.jpg, [1101, 921, 2152, 1821]
yhuvch.jpg, [1510, 2010, 923, 665]
tcjrkv.jpg, [207, 2105, 1416, -1]
lzwsqp.jpg, [-1, 1528, 877, 823]
rstclz.jpg, [1453, 1326, 254, 90]
yotqoh.jpg, [780, 608, -1, 2529]
fvrcpc.jpg, [1626, 192, 1275, 2055]
rskhvz.jpg, [1888, 1267, 1051, 1329]
kmvltm.jpg, [217, 2095, 2239, 253]
gfybad.jpg, [-1, 1981, 139, 1251]
dbxvyf.jpg, [104, 2106, 1334, -1]
ybjdsi.jpg, [1317, 2393, 94, 812]
donzik.jpg, [289, 1151, 1842, 1517]
ajkxcz.jpg, [1122, 2467, 2443, 805]
jcapvd.jpg, [2460, 1903, 1065, 1097]
apvwfh.jpg, [-1, 1060, 1800, 2537]
vpvyrp.jpg, [1289, 1323, 2303, 329]
fwvlfw.jpg, [269, 1238, 1518, 2318]
bwviag.jpg, [2211, 1206, -1, 1869]
hfhhre.jpg, [1163, 203, 1613, 2591]
fluhaw.jpg, [2263, 1463, 847, -1]
zlmyyt.jpg, [154, 1751, 2410, 1262]
enmrtw.jpg, [863, 1794, 2222, 866]
kcjeqx.jpg, [1266, 2129, 1793, 517]
eauahw.jpg, [1491, 1253, 5, 1992]
knluag.jpg, [1743, 2384, 352, 1108]
dyncny.jpg, [1945, 2140, 699, 1076]
vvnuom.jpg, [683, -1, 2323, 1541]
qjdads.jpg, [1964, 2058, 1154, 693]
ckckjx.jpg, [1409, 210, 929, 2157]
freokk.jpg, [2193, 628, 1118, 1857]
jxpmih.jpg, [2069, 1308, 763, 435]
ieuuef.jpg, [1757, -1, 1207, 2458]
mwrvik.jpg, [728, 2044, 1359, 68]
jtcwjf.jpg, [1216, 15, 2280, 1300]
dwymnz.jpg, [341, 1432, 2293, 380]
clbexv.jpg, [1169, 250, 1579, -1]
pmopmk.jpg, [958, 2421, 1764, 162]
wjoziy.jpg, [2272, 80, 854, 1540]
ptrslv.jpg, [358, 1819, 2546, 1146]
txjdld.jpg, [381, 1044, 2051, 1611]
uaodtj.jpg, [1568, 1929, 167, 700]
apsmdu.jpg, [1615, 1181, 676, 1596]
fvpxji.jpg, [1338, 1675, 57, 1155]
pgkftt.jpg, [194, 2136, 1417, 597]
suvtla.jpg, [51, 1944, 1770, 197]
gnahqn.jpg, [2504, 614, 886, -1]
jazslm.jpg, [749, 729, 2414, 1612]
rwlozf.jpg, [2461, 423, 176, 1487]
cmqjpc.jpg, [200, 1452, 2237, 556]
mlddwn.jpg, [912, 1273, 2558, 2557]
ymllaj.jpg, [633, 1532, 2277, 1189]
dqusjm.jpg, [1716, 910, 196, 1789]
rzopai.jpg, [-1, 2086, 647, 618]
cnvgap.jpg, [1380, 1826, 13, 598]
tszypt.jpg, [732, 429, 1980, -1]
jarbva.jpg, [2300, 2355, 159, 809]
nafgyo.jpg, [-1, 18, 2523, 1392]
qipnjr.jpg, [428, 1744, 1720, 263]
mpaiqw.jpg, [789, 1490, 2070, 793]
wqsrum.jpg, [2426, -1, 1211, 2188]
drsmaa.jpg, [1591, 1072, 1024, 2326]
trpewo.jpg, [582, 107, 1586, 1775]
odcjkl.jpg, [1581, 2186, 1001, 824]
llgryo.jpg, [2026, 1693, 1120, 1004]
vqzkha.jpg, [1817, 1656, 607, 889]
hcqapc.jpg, [1912, 211, 79, 2022]
uxdknq.jpg, [1898, 2353, 143, -1]
nqkksq.jpg, [853, 1073, 2292, 1700]
udvfhh.jpg, [727, 1622, -1, 558]
hiyxtg.jpg, [570, 1610, 1854, 657]
ibymkk.jpg, [637, 453, 1732, 1582]
hqwjeo.jpg, [322, 1397, 1578, 530]
ghrmjn.jpg, [1692, 783, 747, 2207]
iyknjb.jpg, [720, 233, 1694, 1860]
ueriyh.jpg, [1606, 102, -1, 2456]
yzybpb.jpg, [1566, 1667, 228, 152]
mrajzt.jpg, [2442, 2024, 519, 354]
bjzfrz.jpg, [2351, 2279, 32, 342]
gocmgb.jpg, [464, 296, 2101, 2306]
kxrdkm.jpg, [1420, 467, 128, 1456]
sgfgsi.jpg, [643, 1019, 1605, 2520]
tcbovz.jpg, [2438, 2225, 1202, 427]
sdoyyp.jpg, [831, 858, 1729, 1681]
fyzvqp.jpg, [1636, 1594, 1164, 23]
vudqrl.jpg, [986, 604, 2314, 1608]
pirjmo.jpg, [1531, 2357, 1153, 337]
vbqtmz.jpg, [996, 1320, 2433, 1260]
npthmj.jpg, [1466, 1030, 43, 2400]
kyeswk.jpg, [1893, 2281, 645, 490]
wsyfhv.jpg, [1691, 980, 584, 1971]
fvsqmb.jpg, [86, 1194, 1535, 2025]
uybmfu.jpg, [894, 1679, 2311, 386]
mxmaej.jpg, [1993, 218, 648, 2064]
fdyszn.jpg, [1978, 635, 377, 1550]
xspsyv.jpg, [1003, 172, 2475, 1399]
cauuwb.jpg, [430, 687, 2181, 1371]
kultol.jpg, [1529, 2492, 1104, 953]
lgdnnn.jpg, [2346, 2296, 141, 704]
ainxdp.jpg, [2184, 411, 1240, 2159]
rxljro.jpg, [557, 686, 1465, 1790]
erfmsh.jpg, [2176, 1881, 160, 934]
xqmxey.jpg, [975, 328, 2413, 1651]
riopgx.jpg, [1248, 611, -1, 2598]
wvttyv.jpg, [1836, 1858, 888, 991]
fhewjk.jpg, [796, 692, 2021, 2268]
hbdemy.jpg, [1646, 273, 788, 1689]
cllmca.jpg, [1721, 419, 746, 1958]
ryqhqm.jpg, [861, 881, 2251, 2552]
oamywy.jpg, [2482, 1943, 174, 852]
tgxnsw.jpg, [1209, 2246, 2049, 1106]
boakjl.jpg, [649, 942, 2110, 2258]
iiuzoa.jpg, [1625, 2408, 1294, 413]
wjuqep.jpg, [1703, 920, 1117, 1511]
abrtgg.jpg, [1657, 1288, 144, 1668]
qobref.jpg, [605, 2589, 1851, 836]
eobkmg.jpg, [733, 1367, 2198, 1298]
mbwrvr.jpg, [304, 1295, 2075, 1333]
gumdhg.jpg, [891, 1909, 2056, 222]
sljzmm.jpg, [1846, 2089, 787, 1025]
xbbbqz.jpg, [1134, 926, 2307, 2391]
kdpnkj.jpg, [855, 25, 1497, 2262]
ordycm.jpg, [2524, 867, 38, 2113]
oymfnb.jpg, [759, 1746, 1783, 1130]
ekuicc.jpg, [1914, 2063, 314, 529]
zblxcg.jpg, [1840, 408, 448, 1389]
dcpiyf.jpg, [417, 305, 1521, 1327]
duhtiq.jpg, [242, 1838, 1547, 74]
emkiuv.jpg, [662, 630, 1385, 1983]
umadjz.jpg, [1476, 85, 764, 1438]
rnnrso.jpg, [534, 2052, 2057, 905]
bybzlx.jpg, [755, 1387, 1825, 301]
xhxrlh.jpg, [286, 1009, 2259, 1863]
khhbch.jpg, [1724, 366, 751, 1561]
oowrrd.jpg, [41, 53, 2363, 2245]
wadvte.jpg, [1910, 2491, 706, 142]
qvyziz.jpg, [415, 1437, 2236, 26]
evtfjm.jpg, [1524, 1049, 156, 1413]
xrniqr.jpg, [822, 0, 1525, 1862]
lgened.jpg, [1469, 2208, 735, 586]
atliba.jpg, [1709, 2511, 122, 819]
bjdqhb.jpg, [9, 2242, 1989, 940]
znmlgt.jpg, [2402, 1618, 251, 913]
lyrlrz.jpg, [1343, 1648, 976, 438]
edftww.jpg, [1986, 2099, 898, 1032]
ioltww.jpg, [2369, 1655, 524, 288]
gqwhjz.jpg, [1383, 2427, 7, 34]
isvgst.jpg, [2040, 1866, 828, 769]
mqvysr.jpg, [946, 528, 2087, 2527]
bjttqj.jpg, [1479, 2200, 602, 374]
hepgws.jpg, [1542, 421, 869, 1859]
vkluha.jpg, [1074, 110, 2472, 1480]
faowbp.jpg, [-1, 2050, 147, 564]
kkvltk.jpg, [2109, 685, 395, 1515]
gkjkbm.jpg, [24, 355, -1, 1988]
gskpxi.jpg, [1186, 594, 1401, 1684]
bhxqpz.jpg, [17, 1218, 1571, -1]
rwjvws.jpg, [63, 545, 1701, 2091]
xzpcix.jpg, [1364, 1149, 773, 1431]
nixula.jpg, [2389, 1576, 48, 723]
mmwnru.jpg, [972, 1798, 2385, 547]
emcmff.jpg, [1467, 2344, 531, 61]
pctgfo.jpg, [1954, 1310, 1286, 536]
gybzdd.jpg, [1000, 2234, 2014, 1096]
aheqsz.jpg, [1731, 826, 64, 2224]
sfneem.jpg, [-1, 1265, 2513, 2048]
gdeybe.jpg, [821, 291, 2039, -1]
mqgard.jpg, [1171, 2502, 1919, 1293]
jxcusu.jpg, [2541, 1904, 204, 106]
xyevju.jpg, [434, 1985, 1908, 321]
zmlfzm.jpg, [981, 1633, 1999, 1010]
aigmlg.jpg, [1324, 663, 82, 1507]
fjinbp.jpg, [668, 47, 2059, 1955]
dwftso.jpg, [1752, 1669, 345, -1]
jgaqfj.jpg, [1036, 1778, -1, 1191]
nzvbsd.jpg, [2138, 2031, 30, 738]
rxyjyg.jpg, [2266, 1706, 1167, 1091]
gpxnup.jpg, [815, 1873, 1727, -1]
qyuxid.jpg, [903, 839, 2290, 1788]
aajnsu.jpg, [455, 1228, 1897, 1680]
hpehgu.jpg, [294, 2248, 1871, 818]
iibqlo.jpg, [1384, 537, 1278, 2381]
yniivh.jpg, [650, 629, 2060, 2146]
vqbbfy.jpg, [2501, 870, 146, 2291]
llswoe.jpg, [2397, 1233, 1268, 1961]
jnecrr.jpg, [140, 1758, 1674, 77]
vkixxh.jpg, [681, 1175, 2255, 2379]
ysihko.jpg, [2061, -1, 941, 125]
iatxgl.jpg, [2329, 1355, 1124, 44]
cqeabz.jpg, [1296, 1959, 1567, 171]
cflthn.jpg, [2368, 1861, 389, -1]
cqxbxk.jpg, [1020, 510, 2415, -1]
plwmme.jpg, [1953, 719, 574, 1801]
wyjfqi.jpg, [1849, 1856, 1064, 482]
rretrt.jpg, [2018, 1041, 1085, 2345]
dsyxxs.jpg, [745, 1406, 2457, 1084]
zeiydk.jpg, [1996, 436, 153, 1723]
jgnnqi.jpg, [1440, 1565, 599, 75]
zlbzzw.jpg, [244, 1538, 2170, 571]
ieitmr.jpg, [1710, 238, 1226, 1325]
dtgbez.jpg, [2528, 243, 588, 1418]
llhtnf.jpg, [606, 1930, 1852, 674]
hyygxe.jpg, [922, 261, 2327, -1]
prmquc.jpg, [1699, 1246, 778, 2085]
cpkcmb.jpg, [293, 1435, 2103, 1201]
kmztac.jpg, [97, 370, 1841, 1597]
mounbl.jpg, [1354, 1828, 485, 281]
snnibk.jpg, [-1, 619, 109, 2530]
uigikk.jpg, [2214, 777, 81, 1533]
wdwwyr.jpg, [1071, -1, 2315, 765]
kwjlqu.jpg, [2062, 1730, 974, 518]
ieypwk.jpg, [944, 1990, 1500, 470]
nilkjd.jpg, [2334, 2125, 1006, 792]
buvrkr.jpg, [1424, 19, 8, 1711]
usqvig.jpg, [1439, 2474, 690, 71]
zgitpw.jpg, [-1, 551, 1880, 2572]
uxpdhm.jpg, [908, 1682, 1330, 494]
qkytug.jpg, [2583, 761, 46, 2218]
vnapug.jpg, [1351, 1830, 609, 129]
qkwvhk.jpg, [450, 2339, 1715, 820]
bqdhuz.jpg, [302, 2028, 1464, 333]
mehnqc.jpg, [2206, 29, 864, 1400]
dvhlam.jpg, [224, 736, 1865, 2133]
zvyfcp.jpg, [447, 274, -1, 2276]
ytovrd.jpg, [39, 491, 2534, 1837]
iuvzkg.jpg, [1577, 462, 145, -1]
infmlq.jpg, [2148, 1390, 1007, 1192]
ruaxvx.jpg, [949, 978, 2182, 1551]
dzyjud.jpg, [1806, 1601, 1159, 433]
uuvxsr.jpg, [2563, 368, 871, 1593]
ojylio.jpg, [257, 1173, 2569, 1559]
mapvpk.jpg, [221, 897, 1796, 1554]
qwstzv.jpg, [804, 1850, 2373, 961]
kpxorr.jpg, [1316, 178, 313, 1386]
aizvwf.jpg, [1283, 2216, 1807, 938]
iwvwzc.jpg, [-1, 1875, 2192, 701]
wvkalg.jpg, [1086, 2388, 2160, 535]
agikbs.jpg, [1430, -1, 538, 180]
edaldx.jpg, [2000, 2124, 1059, 1017]
uvigcf.jpg, [1276, 318, 2228, 2084]
tcsjlw.jpg, [646, 1948, 1804, 1141]
fqzjmz.jpg, [-1, 271, 1963, 2243]
qmswmj.jpg, [1629, 2312, 914, 1182]
nzyhqq.jpg, [114, 391, 2331, 2283]
okzpif.jpg, [382, 595, 1803, 1555]
yxtpou.jpg, [1259, 1558, 1394, 540]
rftiyu.jpg, [985, 1847, 1357, 265]
mlimly.jpg, [2041, -1, 716, 360]
kmggkq.jpg, [1395, 1013, 725, 2141]
wtbucu.jpg, [2045, 1280, 483, 2494]
rylblz.jpg, [1834, 1553, 364, 1224]
woybbz.jpg, [1237, 1984, 1762, 887]
nayaef.jpg, [472, 523, 2270, 1868]
whypjt.jpg, [2232, 1882, 168, 521]
lyewuk.jpg, [726, 851, 2551, 2173]
hyrjij.jpg, [625, 623, 2525, 2382]
khqtof.jpg, [1569, 2131, 758, 1235]
lmdbnm.jpg, [1659, 2403, 487, 1129]
mufwpt.jpg, [1485, 2004, 1196, 507]
skynva.jpg, [1125, -1, 1427, 2316]
gxmips.jpg, [2517, 185, 20, 1672]
mmoodu.jpg, [1150, 88, 2404, 1799]
cyaxzj.jpg, [2463, 1270, 554, 1436]
rumvfb.jpg, [1942, 2204, 1109, 255]
sroqgg.jpg, [208, 2313, 2037, 299]
udfrdg.jpg, [688, 549, -1, 2325]
koxnhz.jpg, [767, 2514, 1342, 1055]
apqbre.jpg, [384, 1917, 1478, 252]
fymkcv.jpg, [1494, 83, -1, 1442]
drxiho.jpg, [2115, 1484, 311, 1187]
agbejb.jpg, [188, 2, 1767, 1957]
dwyugw.jpg, [1766, 520, 846, 1472]
xcnsnm.jpg, [303, 1883, -1, 1012]
fgfusg.jpg, [1814, 1428, 93, 1142]
yaprqc.jpg, [2187, 2424, 1112, 644]
humqjl.jpg, [2526, 2165, 240, 237]
smmsjf.jpg, [1879, 1635, 127, 362]
dcfugn.jpg, [169, 2144, 2001, 392]
xpwmoa.jpg, [72, 2006, 1303, 442]
mydlvz.jpg, [883, 2096, 1874, 1070]
qytijf.jpg, [1018, 1204, 2008, 2081]
gbkwpi.jpg, [1489, 2289, 754, 454]
bqvjxn.jpg, [2324, 231, -1, 1785]
xlpkyh.jpg, [1047, 916, 2079, 1477]
uoimks.jpg, [378, 2288, 2476, 418]
zxhitl.jpg, [1949, 1805, 50, 1136]
fzbiyc.jpg, [2419, 1160, 984, 1829]
sesodg.jpg, [673, 1557, 1848, 565]
ojgecg.jpg, [439, 2169, 2430, 669]
anexhy.jpg, [2068, 1810, 1145, 568]
prixld.jpg, [2285, 2256, 965, 998]
ezierb.jpg, [1543, -1, 278, 2167]
ybexof.jpg, [2441, 2571, 405, 603]
ejazlr.jpg, [1229, 1632, 2445, 1279]
dwiezx.jpg, [1698, 1735, 968, 1158]
qhjnpn.jpg, [1448, 488, 1291, 2273]
xrehrq.jpg, [2116, 612, 183, 1777]
cnuomh.jpg, [803, 1255, 2452, 2500]
squrgx.jpg, [2519, 1827, 1015, 111]
bmpcnn.jpg, [2570, 1972, 267, 502]
xpsbfi.jpg, [456, 1034, 1634, 1331]
ttersa.jpg, [2102, 583, 56, 2019]
jkrkmg.jpg, [325, 581, 1687, 1419]
hclcgq.jpg, [801, 1220, 2077, 2480]
tzbqad.jpg, [712, 601, 1600, 1617]
aoekiv.jpg, [14, 385, 1512, 2566]
gchrhh.jpg, [1040, 1454, 2166, 486]
izuzdj.jpg, [27, 1458, 2083, -1]
tafguq.jpg, [1695, 1481, 766, 246]
jguaqs.jpg, [1950, 1309, 441, 506]
eqmazj.jpg, [2439, 2352, 503, 882]
wgomar.jpg, [2581, -1, 492, 1425]
osfnar.jpg, [1123, 2487, 1813, 1236]
nofkbj.jpg, [431, 361, 2468, 1994]
zqadjy.jpg, [631, 2506, 1791, 1079]
ubnwwz.jpg, [234, 1100, 2147, 2305]
lwnwpa.jpg, [880, 718, 1483, 2020]
tnyjdm.jpg, [757, 857, 1823, 2455]
xmguyr.jpg, [742, 1148, 2585, 2161]
qeglah.jpg, [2107, -1, 516, 1488]
mdupjo.jpg, [1574, 124, 1299, 2406]
parxuv.jpg, [444, 1447, 2556, 1168]
tswqcf.jpg, [155, 932, 2542, 2574]
sfknbo.jpg, [497, 1549, 1595, 161]
dcutam.jpg, [613, 396, 1537, 2416]
rmvocc.jpg, [2191, 2013, 841, 762]
wjjhua.jpg, [495, -1, 2035, 279]
ubozkw.jpg, [666, 1005, 2287, 1660]
xpwszw.jpg, [1471, 499, 179, 2536]
swrwlr.jpg, [1261, 1037, 1918, 2092]
sxqmji.jpg, [814, -1, 2374, 1536]
gzqxbr.jpg, [266, 1920, 2562, 671]
kvjcrz.jpg, [1290, 2219, 1381, 679]
ckkbpw.jpg, [-1, 1991, 100, 95]
qhsvvd.jpg, [2459, 248, 334, 2560]
bfhwir.jpg, [402, 214, 2179, 2543]
mmczdi.jpg, [12, 811, 1496, 2550]
scnmcf.jpg, [1115, 2213, 1304, 947]
yuewdj.jpg, [1116, 138, 1360, 1772]
cqdbku.jpg, [775, 915, 2180, 2128]
kahuzd.jpg, [1166, 1335, 1314, 193]
ootkkg.jpg, [2230, 1832, 307, 1284]
obphgf.jpg, [1781, 1414, -1, 956]
pjxbxa.jpg, [-1, 1056, 2365, 1643]
obccal.jpg, [220, 1628, 1907, 1114]
uauqhw.jpg, [-1, 2134, 2252, 225]
xdfqnx.jpg, [1936, 1932, 1027, 987]
tmvwta.jpg, [760, 1516, 1302, 317]
zbbaoq.jpg, [2011, 634, 468, 2123]
klgzha.jpg, [1350, 264, 1099, 1771]
gisiih.jpg, [399, 2341, 2539, 776]
egoiij.jpg, [879, 1446, 1976, 446]
toktay.jpg, [1894, 1083, 457, 1901]
oriiwo.jpg, [907, 2586, 2462, 1026]
lonfrv.jpg, [199, 130, 1754, 2565]
vakzzr.jpg, [1492, -1, 872, 1422]
ntkihi.jpg, [918, 2302, 1876, 501]
nzzgoo.jpg, [1741, 1162, 553, 1855]
pkokbx.jpg, [1244, 2409, 2122, 451]
esgaxe.jpg, [62, 1619, 2392, -1]
yxjcoa.jpg, [-1, 184, 241, 2564]
nlfast.jpg, [1139, -1, 1509, 697]
lsmgdz.jpg, [330, 1119, 1630, 1995]
uniyyt.jpg, [1654, 2094, 522, 585]
cjvstl.jpg, [1506, 376, 925, 1864]
joudeb.jpg, [1748, 338, 661, 2098]
ozulgd.jpg, [1627, 40, 572, 1345]
mppqpu.jpg, [2097, 698, 1121, 1631]
nepdbk.jpg, [1956, 1513, 212, 827]
drxodz.jpg, [1170, 2233, 1378, 573]
huhunr.jpg, [2154, 1462, 626, 478]
azypml.jpg, [1712, 2446, 848, 1029]
mmifjq.jpg, [1474, 2518, 724, -1]
uvpyse.jpg, [1645, 2434, 526, 1057]
vqvjho.jpg, [1459, 580, 84, 1328]
asjcde.jpg, [2308, 843, 717, 2377]
jrohtz.jpg, [2150, -1, 1107, 2033]
fmxgku.jpg, [2444, 2171, 651, 1053]
etnijp.jpg, [1493, 2071, 308, 653]
yycruj.jpg, [1256, 33, 2477, 1662]
wqmieb.jpg, [158, 249, 2337, 2030]
jspald.jpg, [1165, 1973, 2117, 398]
nnlnma.jpg, [2362, 101, 696, 1952]
edfplt.jpg, [437, 479, 2137, 1482]
jhhcii.jpg, [948, 2126, 1526, 1210]
jmfyrq.jpg, [1269, 2394, 2376, 707]
oqbpgm.jpg, [1886, 2479, 966, 829]
halzpo.jpg, [1486, 1718, 262, 36]
gkpgli.jpg, [652, 838, 1408, -1]
xkseay.jpg, [1570, 967, 567, 1820]
ylcwby.jpg, [730, -1, -1, 2104]
jjwevq.jpg, [1429, 1050, 1140, 2034]
meoywc.jpg, [1652, 2544, 702, 123]
playnm.jpg, [157, 164, -1, 1460]
kuijnf.jpg, [493, 656, 2201, 1405]
pwdvbs.jpg, [2282, 1934, 96, 592]
krctbd.jpg, [577, 849, 1415, 2221]
zpbgnw.jpg, [-1, 1690, 2185, 335]
lowmei.jpg, [235, 202, 2127, 2405]
wubfpn.jpg, [388, 2320, 1344, 359]
ishbvn.jpg, [1185, 2531, 1388, -1]
wnhdrd.jpg, [2398, 1686, 999, 772]
lrmyjy.jpg, [862, 1676, 2203, 640]
swnytx.jpg, [-1, 1713, 73, 513]
npzawc.jpg, [1336, 1178, 505, 2330]
ziftlw.jpg, [133, 2038, 2488, 1103]
yvxoml.jpg, [636, 363, 1768, 1938]
bigcjk.jpg, [1045, 1369, 1759, 1127]
jjgqga.jpg, [2559, 2065, 277, 393]
hdmxkg.jpg, [2465, 150, 620, 1423]
ozlbpu.jpg, [842, 1587, -1, -1]
acanth.jpg, [566, 962, 2100, 1747]
xiqjfo.jpg, [1607, -1, 1028, 306]
pdtzbt.jpg, [2016, 2172, 1067, 722]
vymqno.jpg, [1887, 1941, 213, 315]
wdvexr.jpg, [1412, 1184, 955, 1763]
lhqpqy.jpg, [1760, 276, -1, 2254]
otobyq.jpg, [753, 1285, 2235, 2358]
rsmbon.jpg, [2002, 2067, 825, 1223]
udilce.jpg, [1583, 280, 67, 2278]
stlbqy.jpg, [906, 2299, 1935, 258]
tfikba.jpg, [2516, 1970, 336, -1]
nxepzi.jpg, [1653, 1670, 297, 98]
zmjedr.jpg, [1075, 1824, 2286, 632]
pslpqo.jpg, [971, 873, 2310, 2554]
ikblib.jpg, [400, 1688, 1621, 1038]
ovpmwk.jpg, [893, 2175, -1, 992]
prjyae.jpg, [927, 346, 1341, 1921]
xoyjeb.jpg, [993, 1833, 2015, 799]
oyupdu.jpg, [617, 508, 1755, 2121]
uhmfgz.jpg, [463, 731, 2135, 2390]
uiawqt.jpg, [1177, 426, 1443, 1637]
nsnmhr.jpg, [1449, 2108, 245, 937]
avyyeu.jpg, [119, 1421, 2515, 420]
dkmodb.jpg, [1974, 1895, 76, 91]
orjqpy.jpg, [2420, 1156, 1023, 2196]
fnchax.jpg, [2568, 219, 670, 2431]
acvgdb.jpg, [1368, 2453, 744, 884]
frcnek.jpg, [1080, 16, 2023, 2540]
clbxyv.jpg, [1835, 369, 1094, 2383]
cyxuja.jpg, [1552, 1736, 856, 943]
wnwinj.jpg, [1249, 1301, 1433, 319]
iiwtnx.jpg, [1967, 1641, 1195, 621]
epjrki.jpg, [173, 2573, 2328, -1]
elxfml.jpg, [850, 2361, 2594, 654]
tmueea.jpg, [1393, 1647, 21, -1]
aogrqe.jpg, [1940, 2120, 10, 1292]
zvuygv.jpg, [2027, 1199, 1126, 2009]
vrkmjh.jpg, [2471, 256, 695, 1527]
pgerju.jpg, [2533, 1640, 1213, 471]
cxalsq.jpg, [1998, 1054, 49, 1584]
tyqnpk.jpg, [432, 223, 2567, 1499]
etwadf.jpg, [465, -1, 2301, 1523]
uklsta.jpg, [459, 1346, 2195, 375]
swjvks.jpg, [1714, 1603, 371, 108]
alepyf.jpg, [1272, 2432, 1560, 1069]
lgmylv.jpg, [414, 1845, 2267, 1274]
fsvdbr.jpg, [995, 1677, -1, 469]
fkwznk.jpg, [2508, 1174, 1203, 2153]
swoify.jpg, [559, 1, -1, 2090]
xzmsnn.jpg, [1719, 2340, 458, 247]
lzjjus.jpg, [2244, 1088, 1022, -1]
yhddpk.jpg, [2053, 514, 323, -1]
zlcbmx.jpg, [401, 1722, 1375, 1264]
rrxxpn.jpg, [326, 1021, 1997, 1742]
tzasnh.jpg, [331, 2220, 2429, 548]
qfkfgy.jpg, [-1, 2497, 1539, -1]
gcucly.jpg, [500, 1987, 2412, 844]
qzozjk.jpg, [2223, 2226, 351, 113]
emnhkr.jpg, [349, 1242, 2319, 1697]
fnlqiu.jpg, [226, 1572, 2215, 1176]
kcdodk.jpg, [1475, 1407, 672, 151]
lffklk.jpg, [1078, 808, 1306, 1899]
kiqpqv.jpg, [1277, 118, 1884, 1470]
wysgcz.jpg, [1245, 1043, 2073, 1455]
kakzlx.jpg, [2158, 2333, 379, 182]
mynvsb.jpg, [2590, 715, 148, 2194]
jkmffj.jpg, [1797, 989, 868, 1585]
ifrekr.jpg, [710, 165, 1765, 1968]
hoyemd.jpg, [919, 1468, 2155, 1219]
rhmlsk.jpg, [797, 295, 2449, 1609]
dpaiwt.jpg, [2349, 770, 1200, 1812]
uefijw.jpg, [347, 1900, 2535, 639]
gvglnn.jpg, [902, 1734, 1514, 425]
yeahzf.jpg, [1058, 1696, 2177, 1217]
jcrbmk.jpg, [60, 2119, 1663, 931]
tmrotk.jpg, [1382, 2597, 232, 149]
nokill.jpg, [440, 350, 1779, 2046]
zbudnr.jpg, [1683, 782, 332, 2202]
plhnjd.jpg, [1870, 481, 774, 2483]
ipyojm.jpg, [1962, 1745, 561, 794]
etzgcj.jpg, [1319, 1548, 445, 187]
kpfqhk.jpg, [1450, 2229, 785, 137]
ulgnfe.jpg, [1113, 474, 2250, 1808]
vdnpjg.jpg, [1831, 832, 422, 2587]
ahshll.jpg, [504, 1052, 1519, 1872]
vvozji.jpg, [70, -1, 2435, 236]
fuobqq.jpg, [705, 2332, 2399, 781]
nibjrv.jpg, [711, 2189, 1444, 1033]
wppepq.jpg, [2532, 752, 11, 2359]
olnzmu.jpg, [1575, 58, 860, 1365]
qwjmqk.jpg, [1649, 689, 115, 1564]
fovpxn.jpg, [2496, 239, 541, 1404]
rpepzt.jpg, [928, 875, 1650, 1673]
pfwuzn.jpg, [1773, 2029, 1132, 511]
kusrmc.jpg, [2076, 638, 343, 1313]
vyxbrk.jpg, [1473, 901, 973, 1843]
fhmwma.jpg, [1391, 186, 658, 1461]
rljgfw.jpg, [2356, 1708, 367, 416]
ascmcn.jpg, [22, -1, 2264, 1373]
eijfjz.jpg, [1784, -1, 356, 2261]
ofqfez.jpg, [600, 1411, 2227, 216]
iavhtm.jpg, [2145, 909, -1, 2578]
ylwooc.jpg, [1193, 802, 2505, 2484]
zlabqv.jpg, [1348, 1095, 546, -1]
gyetin.jpg, [1802, 2066, 353, 477]
ymdhba.jpg, [739, 1318, 1966, 290]
bkjyhq.jpg, [791, 2174, 1340, 348]
pgyypn.jpg, [675, 691, 2499, 2241]
rohxdk.jpg, [2498, 2588, 703, 121]
kfmewp.jpg, [1598, 1588, 365, 708]
xloyvj.jpg, [2354, 2265, 181, 951]
tsdaay.jpg, [2197, 1877, 1281, 542]
bsapgn.jpg, [2507, 390, 89, 1501]
ivwqmq.jpg, [1878, 2078, 1031, 680]
nihhty.jpg, [1947, -1, 69, 466]
ilrwsc.jpg, [166, 1337, 2074, 963]
kqqqux.jpg, [1252, 587, 2043, 2489]
emmwqq.jpg, [-1, 449, 2425, 2495]
mijwpd.jpg, [1157, -1, 2210, 1426]
anhhmf.jpg, [1250, 2386, 2271, 195]
intcrt.jpg, [933, 1573, 1457, 834]
tlqqyq.jpg, [1624, 2151, 65, 800]
dihaui.jpg, [229, 1522, 1356, 590]
ulhmok.jpg, [45, 1815, 2417, 578]
znadlk.jpg, [54, 2118, 1795, 112]
oniscj.jpg, [1135, 1867, -1, 424]
zgoflt.jpg, [1885, 512, 550, 2512]
cnbcte.jpg, [2284, 830, 768, 1545]
hpvgpf.jpg, [1172, -1, 1916, 2450]
bowgcd.jpg, [835, 1661, 1728, 615]
mtfwvc.jpg, [1786, 622, 569, 1738]
gcwolv.jpg, [2036, 2481, 312, 525]
mcojwt.jpg, [489, 936, 2596, 1508]
kiufnl.jpg, [816, 2212, 2448, 268]
idjsbf.jpg, [1105, 2342, 2561, 539]
hhqbuy.jpg, [2599, 1062, 589, 1347]
kbjhqe.jpg, [1503, 1379, 1254, 1243]
jhruax.jpg, [1102, 924, 1403, 2464]
zqmyqz.jpg, [1737, 593, 714, 2503]
qcqpqc.jpg, [357, 28, 1977, 2156]
rrmzrb.jpg, [324, 2168, 1644, 126]
